============================================================
Program for calculation of partial differential equations.  
============================================================
(c) Dr. Thomas Ludwig, TU München.
    Thomas A. Zochler, TU München.
    Andreas C. Schmidt, TU München.
============================================================

Berechnungszeit:    50.815590 s 
Speicherbedarf:     39.503189 MiB

Interlines:         200
Stoerfunktion:      f(x,y) = 0
Terminierung:       Hinreichende Genaugkeit
Anzahl Iterationen: 9778
Norm des Fehlers:   3.348575e-05

Matrix:
 1.0000 0.8750 0.7500 0.6250 0.5000 0.3750 0.2500 0.1250 0.0000
 0.8750 0.0736 0.0324 0.0270 0.0216 0.0162 0.0108 0.0105 0.1250
 0.7500 0.0324 0.0001 0.0000 0.0000 0.0000 0.0000 0.0102 0.2500
 0.6250 0.0270 0.0000 0.0000 0.0000 0.0000 0.0000 0.0154 0.3750
 0.5000 0.0216 0.0000 0.0000 0.0000 0.0000 0.0000 0.0205 0.5000
 0.3750 0.0162 0.0000 0.0000 0.0000 0.0000 0.0000 0.0256 0.6250
 0.2500 0.0108 0.0000 0.0000 0.0000 0.0000 0.0001 0.0308 0.7500
 0.1250 0.0105 0.0102 0.0154 0.0205 0.0256 0.0308 0.0702 0.8750
 0.0000 0.1250 0.2500 0.3750 0.5000 0.6250 0.7500 0.8750 1.0000
============================================================
Program for calculation of partial differential equations.  
============================================================
(c) Dr. Thomas Ludwig, TU München.
    Thomas A. Zochler, TU München.
    Andreas C. Schmidt, TU München.
============================================================

Berechnungszeit:    50.663693 s 
Speicherbedarf:     39.503189 MiB

Interlines:         200
Stoerfunktion:      f(x,y) = 0
Terminierung:       Hinreichende Genaugkeit
Anzahl Iterationen: 9778
Norm des Fehlers:   3.348575e-05

Matrix:
 1.0000 0.8750 0.7500 0.6250 0.5000 0.3750 0.2500 0.1250 0.0000
 0.8750 0.0736 0.0324 0.0270 0.0216 0.0162 0.0108 0.0105 0.1250
 0.7500 0.0324 0.0001 0.0000 0.0000 0.0000 0.0000 0.0102 0.2500
 0.6250 0.0270 0.0000 0.0000 0.0000 0.0000 0.0000 0.0154 0.3750
 0.5000 0.0216 0.0000 0.0000 0.0000 0.0000 0.0000 0.0205 0.5000
 0.3750 0.0162 0.0000 0.0000 0.0000 0.0000 0.0000 0.0256 0.6250
 0.2500 0.0108 0.0000 0.0000 0.0000 0.0000 0.0001 0.0308 0.7500
 0.1250 0.0105 0.0102 0.0154 0.0205 0.0256 0.0308 0.0702 0.8750
 0.0000 0.1250 0.2500 0.3750 0.5000 0.6250 0.7500 0.8750 1.0000
============================================================
Program for calculation of partial differential equations.  
============================================================
(c) Dr. Thomas Ludwig, TU München.
    Thomas A. Zochler, TU München.
    Andreas C. Schmidt, TU München.
============================================================

Berechnungszeit:    50.606013 s 
Speicherbedarf:     39.503189 MiB

Interlines:         200
Stoerfunktion:      f(x,y) = 0
Terminierung:       Hinreichende Genaugkeit
Anzahl Iterationen: 9778
Norm des Fehlers:   3.348575e-05

Matrix:
 1.0000 0.8750 0.7500 0.6250 0.5000 0.3750 0.2500 0.1250 0.0000
 0.8750 0.0736 0.0324 0.0270 0.0216 0.0162 0.0108 0.0105 0.1250
 0.7500 0.0324 0.0001 0.0000 0.0000 0.0000 0.0000 0.0102 0.2500
 0.6250 0.0270 0.0000 0.0000 0.0000 0.0000 0.0000 0.0154 0.3750
 0.5000 0.0216 0.0000 0.0000 0.0000 0.0000 0.0000 0.0205 0.5000
 0.3750 0.0162 0.0000 0.0000 0.0000 0.0000 0.0000 0.0256 0.6250
 0.2500 0.0108 0.0000 0.0000 0.0000 0.0000 0.0001 0.0308 0.7500
 0.1250 0.0105 0.0102 0.0154 0.0205 0.0256 0.0308 0.0702 0.8750
 0.0000 0.1250 0.2500 0.3750 0.5000 0.6250 0.7500 0.8750 1.0000
