============================================================
Program for calculation of partial differential equations.  
============================================================
(c) Dr. Thomas Ludwig, TU München.
    Thomas A. Zochler, TU München.
    Andreas C. Schmidt, TU München.
============================================================

Berechnungszeit:    37.568093 s 
Speicherbedarf:     9.986588 MiB

Interlines:         100
Stoerfunktion:      f(x,y) = 2pi^2*sin(pi*x)sin(pi*y)
Terminierung:       Anzahl der Iterationen
Anzahl Iterationen: 1500
Norm des Fehlers:   1.477846e-05

Matrix:
 0.0000 0.0000 0.0000 0.0000 0.0000 0.0000 0.0000 0.0000 0.0000
 0.0000 0.0033 0.0060 0.0079 0.0085 0.0079 0.0061 0.0033 0.0000
 0.0000 0.0060 0.0112 0.0146 0.0158 0.0146 0.0112 0.0061 0.0000
 0.0000 0.0079 0.0146 0.0191 0.0207 0.0191 0.0147 0.0080 0.0000
 0.0000 0.0085 0.0158 0.0207 0.0224 0.0207 0.0159 0.0086 0.0000
 0.0000 0.0079 0.0146 0.0191 0.0207 0.0192 0.0147 0.0080 0.0000
 0.0000 0.0061 0.0112 0.0147 0.0159 0.0147 0.0113 0.0061 0.0000
 0.0000 0.0033 0.0061 0.0080 0.0086 0.0080 0.0061 0.0033 0.0000
 0.0000 0.0000 0.0000 0.0000 0.0000 0.0000 0.0000 0.0000 0.0000
============================================================
Program for calculation of partial differential equations.  
============================================================
(c) Dr. Thomas Ludwig, TU München.
    Thomas A. Zochler, TU München.
    Andreas C. Schmidt, TU München.
============================================================

Berechnungszeit:    38.538685 s 
Speicherbedarf:     9.986588 MiB

Interlines:         100
Stoerfunktion:      f(x,y) = 2pi^2*sin(pi*x)sin(pi*y)
Terminierung:       Anzahl der Iterationen
Anzahl Iterationen: 1500
Norm des Fehlers:   1.477846e-05

Matrix:
 0.0000 0.0000 0.0000 0.0000 0.0000 0.0000 0.0000 0.0000 0.0000
 0.0000 0.0033 0.0060 0.0079 0.0085 0.0079 0.0061 0.0033 0.0000
 0.0000 0.0060 0.0112 0.0146 0.0158 0.0146 0.0112 0.0061 0.0000
 0.0000 0.0079 0.0146 0.0191 0.0207 0.0191 0.0147 0.0080 0.0000
 0.0000 0.0085 0.0158 0.0207 0.0224 0.0207 0.0159 0.0086 0.0000
 0.0000 0.0079 0.0146 0.0191 0.0207 0.0192 0.0147 0.0080 0.0000
 0.0000 0.0061 0.0112 0.0147 0.0159 0.0147 0.0113 0.0061 0.0000
 0.0000 0.0033 0.0061 0.0080 0.0086 0.0080 0.0061 0.0033 0.0000
 0.0000 0.0000 0.0000 0.0000 0.0000 0.0000 0.0000 0.0000 0.0000
============================================================
Program for calculation of partial differential equations.  
============================================================
(c) Dr. Thomas Ludwig, TU München.
    Thomas A. Zochler, TU München.
    Andreas C. Schmidt, TU München.
============================================================

Berechnungszeit:    37.004987 s 
Speicherbedarf:     9.986588 MiB

Interlines:         100
Stoerfunktion:      f(x,y) = 2pi^2*sin(pi*x)sin(pi*y)
Terminierung:       Anzahl der Iterationen
Anzahl Iterationen: 1500
Norm des Fehlers:   1.477846e-05

Matrix:
 0.0000 0.0000 0.0000 0.0000 0.0000 0.0000 0.0000 0.0000 0.0000
 0.0000 0.0033 0.0060 0.0079 0.0085 0.0079 0.0061 0.0033 0.0000
 0.0000 0.0060 0.0112 0.0146 0.0158 0.0146 0.0112 0.0061 0.0000
 0.0000 0.0079 0.0146 0.0191 0.0207 0.0191 0.0147 0.0080 0.0000
 0.0000 0.0085 0.0158 0.0207 0.0224 0.0207 0.0159 0.0086 0.0000
 0.0000 0.0079 0.0146 0.0191 0.0207 0.0192 0.0147 0.0080 0.0000
 0.0000 0.0061 0.0112 0.0147 0.0159 0.0147 0.0113 0.0061 0.0000
 0.0000 0.0033 0.0061 0.0080 0.0086 0.0080 0.0061 0.0033 0.0000
 0.0000 0.0000 0.0000 0.0000 0.0000 0.0000 0.0000 0.0000 0.0000
