============================================================
Program for calculation of partial differential equations.  
============================================================
(c) Dr. Thomas Ludwig, TU München.
    Thomas A. Zochler, TU München.
    Andreas C. Schmidt, TU München.
============================================================

Berechnungszeit:    37.418490 s 
Speicherbedarf:     39.503189 MiB

Interlines:         200
Stoerfunktion:      f(x,y) = 2pi^2*sin(pi*x)sin(pi*y)
Terminierung:       Anzahl der Iterationen
Anzahl Iterationen: 1500
Norm des Fehlers:   1.903072e-06

Matrix:
 0.0000 0.0000 0.0000 0.0000 0.0000 0.0000 0.0000 0.0000 0.0000
 0.0000 0.0004 0.0008 0.0010 0.0011 0.0010 0.0008 0.0004 0.0000
 0.0000 0.0008 0.0014 0.0019 0.0020 0.0019 0.0014 0.0008 0.0000
 0.0000 0.0010 0.0019 0.0024 0.0026 0.0024 0.0019 0.0010 0.0000
 0.0000 0.0011 0.0020 0.0026 0.0029 0.0026 0.0020 0.0011 0.0000
 0.0000 0.0010 0.0019 0.0024 0.0026 0.0024 0.0019 0.0010 0.0000
 0.0000 0.0008 0.0014 0.0019 0.0020 0.0019 0.0014 0.0008 0.0000
 0.0000 0.0004 0.0008 0.0010 0.0011 0.0010 0.0008 0.0004 0.0000
 0.0000 0.0000 0.0000 0.0000 0.0000 0.0000 0.0000 0.0000 0.0000
============================================================
Program for calculation of partial differential equations.  
============================================================
(c) Dr. Thomas Ludwig, TU München.
    Thomas A. Zochler, TU München.
    Andreas C. Schmidt, TU München.
============================================================

Berechnungszeit:    37.503144 s 
Speicherbedarf:     39.503189 MiB

Interlines:         200
Stoerfunktion:      f(x,y) = 2pi^2*sin(pi*x)sin(pi*y)
Terminierung:       Anzahl der Iterationen
Anzahl Iterationen: 1500
Norm des Fehlers:   1.903072e-06

Matrix:
 0.0000 0.0000 0.0000 0.0000 0.0000 0.0000 0.0000 0.0000 0.0000
 0.0000 0.0004 0.0008 0.0010 0.0011 0.0010 0.0008 0.0004 0.0000
 0.0000 0.0008 0.0014 0.0019 0.0020 0.0019 0.0014 0.0008 0.0000
 0.0000 0.0010 0.0019 0.0024 0.0026 0.0024 0.0019 0.0010 0.0000
 0.0000 0.0011 0.0020 0.0026 0.0029 0.0026 0.0020 0.0011 0.0000
 0.0000 0.0010 0.0019 0.0024 0.0026 0.0024 0.0019 0.0010 0.0000
 0.0000 0.0008 0.0014 0.0019 0.0020 0.0019 0.0014 0.0008 0.0000
 0.0000 0.0004 0.0008 0.0010 0.0011 0.0010 0.0008 0.0004 0.0000
 0.0000 0.0000 0.0000 0.0000 0.0000 0.0000 0.0000 0.0000 0.0000
============================================================
Program for calculation of partial differential equations.  
============================================================
(c) Dr. Thomas Ludwig, TU München.
    Thomas A. Zochler, TU München.
    Andreas C. Schmidt, TU München.
============================================================

Berechnungszeit:    37.794990 s 
Speicherbedarf:     39.503189 MiB

Interlines:         200
Stoerfunktion:      f(x,y) = 2pi^2*sin(pi*x)sin(pi*y)
Terminierung:       Anzahl der Iterationen
Anzahl Iterationen: 1500
Norm des Fehlers:   1.903072e-06

Matrix:
 0.0000 0.0000 0.0000 0.0000 0.0000 0.0000 0.0000 0.0000 0.0000
 0.0000 0.0004 0.0008 0.0010 0.0011 0.0010 0.0008 0.0004 0.0000
 0.0000 0.0008 0.0014 0.0019 0.0020 0.0019 0.0014 0.0008 0.0000
 0.0000 0.0010 0.0019 0.0024 0.0026 0.0024 0.0019 0.0010 0.0000
 0.0000 0.0011 0.0020 0.0026 0.0029 0.0026 0.0020 0.0011 0.0000
 0.0000 0.0010 0.0019 0.0024 0.0026 0.0024 0.0019 0.0010 0.0000
 0.0000 0.0008 0.0014 0.0019 0.0020 0.0019 0.0014 0.0008 0.0000
 0.0000 0.0004 0.0008 0.0010 0.0011 0.0010 0.0008 0.0004 0.0000
 0.0000 0.0000 0.0000 0.0000 0.0000 0.0000 0.0000 0.0000 0.0000
