============================================================
Program for calculation of partial differential equations.  
============================================================
(c) Dr. Thomas Ludwig, TU München.
    Thomas A. Zochler, TU München.
    Andreas C. Schmidt, TU München.
============================================================

Berechnungszeit:    72.699819 s 
Speicherbedarf:     19.726089 MiB

Interlines:         141
Stoerfunktion:      f(x,y) = 2pi^2*sin(pi*x)sin(pi*y)
Terminierung:       Anzahl der Iterationen
Anzahl Iterationen: 1500
Norm des Fehlers:   7.560682e-06

Matrix:
 0.0000 0.0000 0.0000 0.0000 0.0000 0.0000 0.0000 0.0000 0.0000
 0.0000 0.0017 0.0031 0.0040 0.0044 0.0040 0.0031 0.0017 0.0000
 0.0000 0.0031 0.0057 0.0074 0.0081 0.0074 0.0057 0.0031 0.0000
 0.0000 0.0040 0.0074 0.0097 0.0105 0.0097 0.0075 0.0040 0.0000
 0.0000 0.0044 0.0081 0.0105 0.0114 0.0105 0.0081 0.0044 0.0000
 0.0000 0.0040 0.0074 0.0097 0.0105 0.0097 0.0075 0.0040 0.0000
 0.0000 0.0031 0.0057 0.0075 0.0081 0.0075 0.0057 0.0031 0.0000
 0.0000 0.0017 0.0031 0.0040 0.0044 0.0040 0.0031 0.0017 0.0000
 0.0000 0.0000 0.0000 0.0000 0.0000 0.0000 0.0000 0.0000 0.0000
============================================================
Program for calculation of partial differential equations.  
============================================================
(c) Dr. Thomas Ludwig, TU München.
    Thomas A. Zochler, TU München.
    Andreas C. Schmidt, TU München.
============================================================

Berechnungszeit:    72.737588 s 
Speicherbedarf:     19.726089 MiB

Interlines:         141
Stoerfunktion:      f(x,y) = 2pi^2*sin(pi*x)sin(pi*y)
Terminierung:       Anzahl der Iterationen
Anzahl Iterationen: 1500
Norm des Fehlers:   7.560682e-06

Matrix:
 0.0000 0.0000 0.0000 0.0000 0.0000 0.0000 0.0000 0.0000 0.0000
 0.0000 0.0017 0.0031 0.0040 0.0044 0.0040 0.0031 0.0017 0.0000
 0.0000 0.0031 0.0057 0.0074 0.0081 0.0074 0.0057 0.0031 0.0000
 0.0000 0.0040 0.0074 0.0097 0.0105 0.0097 0.0075 0.0040 0.0000
 0.0000 0.0044 0.0081 0.0105 0.0114 0.0105 0.0081 0.0044 0.0000
 0.0000 0.0040 0.0074 0.0097 0.0105 0.0097 0.0075 0.0040 0.0000
 0.0000 0.0031 0.0057 0.0075 0.0081 0.0075 0.0057 0.0031 0.0000
 0.0000 0.0017 0.0031 0.0040 0.0044 0.0040 0.0031 0.0017 0.0000
 0.0000 0.0000 0.0000 0.0000 0.0000 0.0000 0.0000 0.0000 0.0000
============================================================
Program for calculation of partial differential equations.  
============================================================
(c) Dr. Thomas Ludwig, TU München.
    Thomas A. Zochler, TU München.
    Andreas C. Schmidt, TU München.
============================================================

Berechnungszeit:    73.300260 s 
Speicherbedarf:     19.726089 MiB

Interlines:         141
Stoerfunktion:      f(x,y) = 2pi^2*sin(pi*x)sin(pi*y)
Terminierung:       Anzahl der Iterationen
Anzahl Iterationen: 1500
Norm des Fehlers:   7.560682e-06

Matrix:
 0.0000 0.0000 0.0000 0.0000 0.0000 0.0000 0.0000 0.0000 0.0000
 0.0000 0.0017 0.0031 0.0040 0.0044 0.0040 0.0031 0.0017 0.0000
 0.0000 0.0031 0.0057 0.0074 0.0081 0.0074 0.0057 0.0031 0.0000
 0.0000 0.0040 0.0074 0.0097 0.0105 0.0097 0.0075 0.0040 0.0000
 0.0000 0.0044 0.0081 0.0105 0.0114 0.0105 0.0081 0.0044 0.0000
 0.0000 0.0040 0.0074 0.0097 0.0105 0.0097 0.0075 0.0040 0.0000
 0.0000 0.0031 0.0057 0.0075 0.0081 0.0075 0.0057 0.0031 0.0000
 0.0000 0.0017 0.0031 0.0040 0.0044 0.0040 0.0031 0.0017 0.0000
 0.0000 0.0000 0.0000 0.0000 0.0000 0.0000 0.0000 0.0000 0.0000
