west1: 1446299571.551853
west3: 1446299571.557332
west4: 1446299571.557058
west2: 1446299571.558643
west1: 1446299571.552211
west1: 1446299571.552695
west1: 1446299571.552887
west4: 1446299571.557154
west4: 1446299571.557228
west3: 1446299571.557569
west2: 1446299571.559262
west3: 1446299571.557618
west2: 1446299571.559383
west4: 1446299571.557656
west3: 1446299571.557872
west2: 1446299571.560021

